1.63970287
1.625484488
1.611130848
1.596641445
1.582015806
1.567253489
1.552354083
1.537317218
1.522142551
1.50682978
1.491378636
1.475788894
1.460060364
1.444192901
1.428186397
1.412040797
1.395756081
1.379332279
1.362769466
1.346067769
1.329227359
1.312248461
1.29513135
1.277876352
1.260483854
1.24295429
1.225288152
1.207485989
1.189548408
1.171476073
1.153269711
1.134930106
1.116458102
1.097854614
1.079120609
1.060257122
1.041265252
1.022146163
1.002901082
0.983531304
0.964038186
0.94442316
0.924687715
0.904833411
0.884861875
0.864774799
0.844573945
0.824261138
0.803838272
0.783307306
0.762670269
0.74192925
0.721086406
0.700143958
0.67910419
0.65796945
0.636742147
0.615424753
0.594019798
0.572529873
0.550957626
0.52930576
0.507577036
0.485774267
0.463900316
0.441958101
0.419950585
0.397880781
0.375751744
0.353566575
0.331328413
0.309040439
0.286705868
0.264327954
0.241909978
0.219455255
0.196967127
0.17444896
0.151904144
0.129336088
0.106748219
0.084143981
0.061526829
0.038900228
0.016267649
-0.00636743
-0.02900153
-0.051631174
-0.074252886
-0.096863198
-0.119458651
-0.142035795
-0.164591197
-0.187121438
-0.209623121
-0.232092868
-0.254527325
-0.276923168
-0.299277099
-0.321585852
-0.343846195
-0.366054931
-0.388208903
-0.410304994
-0.432340127
-0.454311271
-0.476215442
-0.498049701
-0.519811161
-0.541496985
-0.563104393
-0.584630654
-0.606073096
-0.627429103
-0.648696118
-0.669871644
-0.690953245
-0.711938545
-0.73282523
-0.753611056
-0.774293835
-0.794871448
-0.81534184
-0.835703023
-0.855953073
-0.876090136
-0.89611242
-0.916018203
-0.935805831
-0.955473715
-0.975020333
-0.994444229
-1.013744015
-1.032918367
-1.051966028
-1.070885806
-1.089676576
-1.108337275
-1.126866903
-1.145264525
-1.163529267
-1.181660317
-1.199656924
-1.217518396
-1.235244099
-1.252833463
-1.27028597
-1.287601158
-1.304778622
-1.32181801
-1.338719024
-1.355481418
-1.372104996
-1.38858961
-1.404935167
-1.421141616
-1.437208953
-1.453137221
-1.468926503
-1.484576929
-1.50008867
-1.515461931
-1.530696968
-1.545794067
-1.560753551
-1.57557578
-1.590261149
-1.604810084
-1.619223046
-1.633500525
-1.64764304
-1.661651144
-1.675525412
-1.689266447
-1.702874877
-1.716351357
-1.729696561
-1.742911189
-1.75599596
-1.768951612
-1.781778909
-1.794478627
-1.807051559
-1.819498518
-1.831820331
-1.844017842
-1.8560919
-1.868043373
-1.879873148
-1.891582113
-1.903171171
-1.914641234
-1.925993223
-1.937228066
-1.948346702
-1.959350073
-1.970239127
-1.981014826
-1.991678128
-2.002229998
-2.012671405
-2.023003322
-2.033226723
-2.043342586
-2.053351887
-2.063255613
-2.073054742
-2.082750254
-2.092343132
-2.101834355
-2.111224905
-2.120515758
-2.129707893
-2.138802281
-2.147799899
-2.156701716
-2.165508697
-2.174221805
-2.182842001
-2.191370239
-2.199807472
-2.208154648
-2.216412705
-2.224582587
-2.232665224
-2.240661545
-2.24857247
-2.256398916
-2.264141795
-2.271802011
-2.27938046
-2.28687804
-2.294295634
-2.301634123
-2.308894379
-2.316077269
-2.323183653
-2.330214383
-2.337170306
-2.344052258
-2.350861076
-2.357597582
-2.364262593
-2.37085692
-2.377381366
-2.383836726
-2.390223789
-2.396543336
-2.402796137
-2.408982964
-2.415104573
-2.421161715
-2.427155133
-2.433085565
-2.438953738
-2.444760375
-2.450506186
-2.456191884
-2.461818164
-2.467385719
-2.472895233
-2.478347383
-2.483742839
-2.489082263
-2.49436631
-2.499595626
-2.504770857
-2.509892634
-2.514961583
-2.519978324
-2.52494347
-2.529857626
-2.53472139
-2.539535352
-2.544300102
-2.549016215
-2.553684262
-2.558304809
-2.562878414
-2.567405627
-2.571886994
-2.576323054
-2.580714336
-2.585061371
-2.589364676
-2.593624763
-2.597842141
-2.60201731
-2.606150765
-2.610242995