3.575170462
3.567087262
3.558853625
3.550467873
3.541928341
3.53323337
3.52438131
3.515370547
3.506199459
3.496866448
3.487369937
3.477708365
3.467880196
3.457883916
3.447718026
3.437381077
3.426871627
3.416188268
3.405329626
3.394294357
3.383081156
3.37168875
3.360115907
3.348361427
3.336424173
3.324303032
3.31199694
3.299504885
3.2868259
3.273959073
3.260903542
3.247658501
3.234223193
3.220596942
3.206779109
3.192769125
3.178566486
3.16417075
3.149581547
3.134798573
3.119821587
3.104650443
3.089285048
3.073725388
3.05797153
3.042023616
3.025881869
3.009546592
2.99301817
2.976297066
2.959383844
2.942279137
2.924983669
2.907498249
2.889823777
2.871961239
2.853911712
2.83567636
2.817256431
2.798653285
2.779868349
2.760903149
2.7417593
2.722438506
2.702942564
2.683273358
2.663432853
2.643423124
2.623246314
2.602904657
2.582400474
2.561736169
2.540914232
2.519937233
2.498807822
2.477528723
2.456102756
2.434532796
2.412821801
2.390972798
2.368988885
2.346873227
2.324629055
2.302259662
2.279768395
2.257158679
2.234433975
2.211597802
2.18865373
2.165605377
2.142456403
2.119210512
2.095871439
2.072442972
2.048928915
2.025333108
2.001659414
1.977911723
1.954093944
1.930210002
1.906263837
1.882259394
1.858200643
1.834091541
1.809936053
1.785738141
1.761501765
1.737230876
1.712929414
1.688601304
1.664250465
1.639880785
1.615496136
1.591100364
1.566697288
1.5422907
1.517884357
1.493481983
1.469087263
1.444703852
1.420335353
1.395985332
1.371657308
1.347354753
1.32308109
1.298839694
1.274633885
1.250466927
1.226342038
1.202262373
1.178231027
1.154251042
1.130325396
1.106457008
1.082648733
1.058903365
1.035223637
1.011612214
0.988071697
0.964604625
0.941213467
0.91790063
0.894668453
0.871519211
0.848455108
0.82547829
0.802590829
0.779794734
0.75709195
0.734484353
0.711973755
0.689561904
0.667250483
0.645041109
0.62293534
0.600934667
0.579040521
0.557254269
0.53557722
0.51401062
0.492555658
0.471213461
0.449985103
0.428871597
0.407873902
0.386992921
0.366229502
0.345584442
0.325058483
0.304652319
0.284366589
0.264201888
0.244158759
0.224237699
0.204439159
0.184763544
0.165211214
0.145782489
0.126477645
0.107296916
0.088240497
0.069308545
0.050501179
0.031818478
0.013260489
-0.005172781
-0.023481349
-0.041665273
-0.059724642
-0.077659574
-0.095470219
-0.113156753
-0.130719382
-0.148158339
-0.165473882
-0.182666296
-0.199735888
-0.216682991
-0.23350796
-0.25021117
-0.266793019
-0.283253923
-0.29959432
-0.315814665
-0.331915431
-0.347897108
-0.363760202
-0.379505235
-0.395132744
-0.41064328
-0.426037408
-0.441315705
-0.45647876
-0.471527175
-0.486461562
-0.501282545
-0.515990755
-0.530586834
-0.545071434
-0.559445212
-0.573708836
-0.587862979
-0.60190832
-0.615845548
-0.629675356
-0.643398439
-0.657015502
-0.670527251
-0.683934399
-0.697237659
-0.71043775
-0.723535394
-0.736531315
-0.749426238
-0.762220893
-0.774916009
-0.787512317
-0.800010549
-0.812411438
-0.824715717
-0.836924121
-0.849037382
-0.861056234
-0.87298141
-0.884813641
-0.896553658
-0.908202191
-0.919759968
-0.931227716
-0.94260616
-0.953896024
-0.965098028
-0.97621289
-0.987241328
-0.998184054
-1.009041779
-1.019815211
-1.030505057
-1.041112018
-1.051636792
-1.062080076
-1.07244256
-1.082724934
-1.092927882
-1.103052087
-1.113098223
-1.123066967
-1.132958987
-1.142774949
-1.152515515
-1.162181341
-1.171773081
-1.181291385
-1.190736894
-1.200110253
-1.209412095
-1.218643052
-1.227803752
-1.236894817
-1.245916864
-1.254870508
-1.263756358
-1.272575015
-1.281327084
-1.290013157
-1.298633825
-1.307189674
-1.315681286
-1.324109235
-1.332474096